60
23394
158
2334
27245
7915
287
288
29123
1175
23229
57492
170302
55870
80816
546
26053
29994
10295
53335
673
9024
773
775
777
55799
4076
8573
54897
6792
56853
283489
1106
1107
55636
57680
23152
4849
11151
1387
7812
1457
10664
1499
8452
1654
10522
1717
23181
1742
1760
1788
1808
1826
1778
1859
253738
79813
8666
1995
2033
2332
2290
27086
93986
2561
2562
2670
64599
26058
2770
2891
2902
2903
2904
3069
283450
3097
3188
3192
3265
23096
64207
284058
83473
3745
3786
51780
10765
8242
23135
9778
4297
58508
55904
51111
8861
57689
8216
54551
4130
55777
79143
4204
9969
23389
4208
4212
283078
10943
2475
23040
80155
112939
26960
10787
8648
340533
4763
25836
57555
54413
57502
4306
4929
9378
9379
9369
64324
9631
55690
5053
5079
5096
57526
57649
5253
51317
23469
55023
23126
55624
84687
5528
5536
57479
5718
139411
5728
5754
5781
10743
57148
5649
473
5991
22999
6096
6304
6323
6326
6334
26040
9739
29072
55209
22941
85358
25942
6497
6529
10479
6595
6597
6601
6651
6660
6683
10847
6734
6812
6853
8831
26115
57551
93627
79718
10716
6942
6925
6934
7010
11011
9777
84231
373
7204
9320
7248
7249
57616
7337
65109
8239
7716
157680
51322
23001
7528
197131
26137
23613
23036
58499