140803
729092
5140
339479
27
4638
4137
5167
55857
23097
9791
23621
10320
29781
10840
114783
1121
114788
2167
157310
10886
29843
55971
3747
5290
53944
57531
6855
2258
2259
4821
2262
64216
9435
64219
9963
10482
3827
93426
137970
50937
50945
9479
84749
782
57630
7461
11059
5430
50488
80194
8516
2887
23371
80205
847
55638
2395
64864
80737
10594
5992
26986
7532
3949
7534
11128
4482
4488
3479
5530
8609
22954
9646
11184
1981
55755
9678
22992
93649
9181
81887
23522
5091
9699
490
51693
23534
2547
23031
2047