2048
55297
10243
2055
10253
18
79893
83992
8218
253980
2078
4128
4129
43
4139
10288
2100
6196
6197
2103
4152
55356
2109
55359
79937
4173
4175
81
2131
344148
84056
127069
4089
8287
254048
114785
100
8295
57448
114791
10347
10349
109
111
342132
114805
57466
2171
149628
57468
57471
132
135
4233
140
2195
2200
57497
154
57496
192669
192670
159
6305
51366
145581
57520
57524
84152
6329
186
57534
2239
6335
2243
116931
6342
100128977
2260
8404
4308
254170
2272
57575
57578
57580
145645
147694
4335
6383
116986
116987
10492
55558
643338
2315
270
55567
55568
6418
275
10518
57628
123169
57634
8481
340267
301
22829
8493
8500
6453
80184
84282
57661
22846
321
322
22854
6473
80204
51533
10575
22866
8532
22871
8537
10585
57691
57690
6505
57705
84332
367
53615
8562
22909
4481
6531
6532
6535
51592
55689
394
2444
92558
10640
9037
8604
340385
10659
27044
4520
8618
4524
51629
2483
438
8632
80315
29119
27071
166336
55746
22981
22982
152006
22986
168400
84433
221656
6616
476
84445
478
23013
4585
491
23019
344558
84465
84466
23026
23025
23030
6647
285175
27131
147965
2557
80381
147968
2567
51720
285195
51725
4622
4627
4628
10771
27161
23067
51741
547
4643
4644
6694
552
553
23081
4650
84527
51760
27185
563
6711
2620
92737
129607
2632
585
23112
170572
4698
6749
64101
55914
205428
27255
55930
8828
23167
64130
84623
8850
129684
8853
23189
23191
4756
6804
667
8864
675
8867
4774
683
23211
4781
2739
53942
2742
27328
23233
23236
6854
23245
8911
8912
721
8913
27347
123606
84812
27352
2778
23259
8925
6878
8930
747
8940
8945
10999
6907
765
4862
23293
2820
774
23303
776
158471
8970
778
152330
781
8974
783
23312
23309
23314
23316
23328
4897
23332
144165
58155
2861
814
815
23345
4914
27443
2868
4916
9013
2876
11069
64320
23362
56134
56135
56136
56137
2890
56139
56138
56141
2894
2895
117583
56145
2898
2899
9044
2900
2901
56147
56146
56144
6999
11103
23392
56160
9056
2915
7007
2917
7014
254827
881
7025
11122
4983
2944
23426
900
11141
84871
7057
349075
64405
80790
5013
2969
84889
23451
5020
5021
7067
2977
5026
152485
9126
148398
23476
952
5049
5054
11198
7102
7106
5062
5067
54221
5071
23503
84952
987
119772
64478
5087
375775
23524
5101
1006
1007
1008
1009
7155
1012
5108
23545
5119
152579
158724
7173
353288
9228
9229
5133
5137
85015
3105
3106
154664
23592
9256
3115
5164
3123
54329
7225
11326
3135
5187
5191
11336
3150
9295
158800
1105
23649
199777
7273
1131
3184
3185
1139
1142
3190
5245
9344
58506
58512
23705
1183
7328
54439
25769
257194
5294
79026
339122
5307
259266
5329
3290
9439
5350
7399
7403
128239
9456
1268
5364
7421
60677
7429
54536
25865
9481
3351
3359
7468
29998
7471
3382
54584
25913
30010
5444
222537
64848
7514
134492
142686
1376
9568
9572
9578
7531
343413
64895
7552
9603
64901
9611
7566
9615
406928
5519
93594
26019
9639
1454
54714
54715
392636
140733
9662
26047
91584
95681
26050
85445
5575
26056
26057
5578
5579
85458
5591
9690
5595
1501
93664
54768
1523
1524
148979
116211
5625
1539
9732
54790
26122
9743
3608
83481
9752
7704
9759
3628
1584
9779
9783
284217
56899
7750
28234
26188
161357
54862
642636
54870
151126
9820
1630
83552
1636
91752
3690
1644
5743
54898
56946
253559
3708
26245
3720
83593
9869
124565
26262
9877
5787
5788
7837
392862
3746
9891
3751
26280
3752
7850
9901
26290
3766
9915
3772
65217
3778
89795
7874
89797
9928
3785
1739
1740
3790
81614
1746
1747
1750
3800
116442
1762
5862
55015
9958
83692
89839
83696
222962
65267
50944
1793
79623
1803
1804
1806
55055
1809
1812
1813
1814
79648
196385
284451
55079
81704
5927
5929
134957
7982
7994
202559
1857
57154
10055
3912
55116
128853
10071
10072
56140
57178
56142
28514
10082
56143
26470
94056
10089
57194
221035
221037
3952
6000
6014
51072
440193
59269
143241
114571
83852
83855
26512
26523
10142
51107
221092
1960
4010
196528
55217
1977
55227
161725
8128
57282
4035
4036
1993
6092
8140
55250
2011
10207
2020
83943
26610
6134
2041
10236
10237