23040
2561
2562
26115
6660
9739
197131
10765
83473
5649
56853
8216
3097
26137
6683
546
4130
10787
7204
7716
8239
9777
8242
9778
340533
10295
23096
60
23613
55870
51780
6734
7248
7249
1106
1107
65109
23126
53335
64599
5718
23135
55904
5728
10847
9320
4204
27245
2670
23152
54897
4208
3188
4212
1654
51317
3192
5754
51322
8831
58499
7812
5253
57479
6792
58508
23181
54413
139411
57492
5781
1175
9369
4763
6812
8861
158
57502
6304
673
3745
9378
9379
7337
6323
1717
57526
6326
23229
6334
10943
3265
6853
4297
3786
1742
64207
84687
57551
2770
57555
4306
1760
7915
25836
55023
10479
4849
1778
2290
9969
1788
11011
8452
773
775
84231
777
6925
1808
57616
6934
54551
10522
80155
2332
2334
287
288
6942
1826
93986
10743
79143
29994
253738
112939
57649
283450
57148
170302
9024
4929
1859
64324
55624
2891
57680
26960
55636
2902
2903
2904
57689
25942
23389
283489
23394
6497
7010
79718
5991
7528
1387
85358
373
8573
6529
55690
11151
29072
5528
284058
22941
9631
5536
51111
10664
55209
2475
23469
80816
1457
26040
93627
5053
29123
6595
26053
79813
283078
8648
6597
26058
1995
6601
27086
6096
5079
22999
473
8666
1499
10716
23001
55777
5096
4076
157680
2033
55799
6651
23036
3069